-8.946389999999999620e-01 1.061919999999999947e-01 0.000000000000000000e+00
-9.712100000000000177e-01 1.422287999999999997e+00 1.000000000000000000e+00
3.103130000000000055e-01 -1.160357000000000083e+00 1.000000000000000000e+00
7.147999999999999909e-01 -1.068999999999999985e-02 0.000000000000000000e+00
1.390284000000000075e+00 1.480491000000000001e+00 1.000000000000000000e+00
-4.223419999999999952e-01 -5.646459999999999813e-01 0.000000000000000000e+00
5.037019999999999831e-01 -1.877729999999999955e-01 0.000000000000000000e+00
-1.402392000000000083e+00 5.038789999999999658e-01 1.000000000000000000e+00
3.316279999999999784e-01 2.056699999999999848e-02 0.000000000000000000e+00
-1.371434000000000042e+00 1.398905000000000065e+00 1.000000000000000000e+00
-1.487044999999999950e+00 -9.030799999999999939e-02 1.000000000000000000e+00
-7.726089999999999902e-01 1.151631999999999989e+00 0.000000000000000000e+00
-2.911560000000000259e-01 -4.215260000000000118e-01 0.000000000000000000e+00
-7.401649999999999618e-01 1.037584000000000062e+00 0.000000000000000000e+00
6.452579999999999982e-01 -7.403260000000000396e-01 1.000000000000000000e+00
-2.700370000000000270e-01 5.522540000000000227e-01 0.000000000000000000e+00
8.896770000000000511e-01 3.689589999999999814e-01 0.000000000000000000e+00
-1.297706000000000026e+00 -1.251940000000000053e+00 1.000000000000000000e+00
3.017960000000000087e-01 7.457819999999999450e-01 0.000000000000000000e+00
8.685370000000000035e-01 -1.474852999999999970e+00 1.000000000000000000e+00
-1.365695000000000103e+00 -6.199609999999999843e-01 1.000000000000000000e+00
-9.479020000000000223e-01 -9.628269999999999884e-01 1.000000000000000000e+00
2.091099999999999903e-02 -5.788560000000000372e-01 0.000000000000000000e+00
-1.412967000000000084e+00 -7.051039999999999530e-01 1.000000000000000000e+00
2.152270000000000016e-01 -5.425699999999999967e-01 0.000000000000000000e+00
7.142140000000000155e-01 1.247052000000000049e+00 1.000000000000000000e+00
9.625449999999999839e-01 8.721539999999999848e-01 0.000000000000000000e+00
6.467209999999999903e-01 4.574700000000000294e-02 0.000000000000000000e+00
6.034500000000000419e-01 -4.329859999999999820e-01 0.000000000000000000e+00
-6.443999999999999728e-02 -6.168200000000000072e-02 0.000000000000000000e+00
-9.749200000000000088e-01 -2.430900000000000005e-01 1.000000000000000000e+00
1.518359999999999987e-01 1.019179999999999947e-01 0.000000000000000000e+00
2.590879999999999850e-01 1.010999999999999963e-03 0.000000000000000000e+00
-1.311309999999999976e-01 -3.773889999999999745e-01 0.000000000000000000e+00
-8.408529999999999616e-01 1.439829999999999999e-01 0.000000000000000000e+00
4.270410000000000039e-01 9.112170000000000547e-01 0.000000000000000000e+00
1.149658000000000069e+00 7.007700000000000040e-02 1.000000000000000000e+00
-6.853820000000000467e-01 -8.682419999999999582e-01 1.000000000000000000e+00
9.977430000000000465e-01 -1.282102000000000075e+00 1.000000000000000000e+00
1.117585000000000051e+00 2.319299999999999834e-02 1.000000000000000000e+00
-1.268934999999999924e+00 1.105243999999999893e+00 1.000000000000000000e+00
5.941950000000000287e-01 -1.841019999999999879e-01 0.000000000000000000e+00
5.893319999999999670e-01 1.085363000000000078e+00 0.000000000000000000e+00
-8.438409999999999522e-01 6.143049999999999899e-01 0.000000000000000000e+00
-1.555930000000000091e-01 -6.543080000000000007e-01 0.000000000000000000e+00
-2.803399999999999989e-02 1.065248999999999890e+00 1.000000000000000000e+00
8.666160000000000529e-01 8.841219999999999635e-01 0.000000000000000000e+00
2.314990000000000103e-01 1.010202000000000044e+00 0.000000000000000000e+00
-8.246529999999999694e-01 -2.018149999999999944e-01 0.000000000000000000e+00
1.015044999999999975e+00 1.062678999999999929e+00 1.000000000000000000e+00
-4.181119999999999837e-01 -3.909100000000000075e-02 0.000000000000000000e+00
1.526800000000000102e-01 -5.640349999999999531e-01 0.000000000000000000e+00
1.266370999999999913e+00 -8.193500000000000227e-01 1.000000000000000000e+00
-1.159750000000000059e+00 -1.167383000000000060e+00 1.000000000000000000e+00
1.027825999999999906e+00 -2.425630000000000008e-01 1.000000000000000000e+00
1.493063000000000029e+00 -6.747610000000000552e-01 1.000000000000000000e+00
1.074616000000000016e+00 -2.186460000000000070e-01 1.000000000000000000e+00
1.341050000000000075e+00 1.252369000000000065e+00 1.000000000000000000e+00
-4.126369999999999760e-01 -7.649620000000000308e-01 1.000000000000000000e+00
2.265669999999999906e-01 9.412930000000000463e-01 0.000000000000000000e+00
2.928790000000000004e-01 -1.036613999999999924e+00 1.000000000000000000e+00
1.700570000000000137e-01 2.516070000000000251e-01 0.000000000000000000e+00
1.379005999999999954e+00 -1.159702000000000011e+00 1.000000000000000000e+00
9.935610000000000275e-01 -9.738299999999999734e-02 1.000000000000000000e+00
4.228250000000000064e-01 -7.161419999999999453e-01 1.000000000000000000e+00
-1.290060999999999902e+00 8.707439999999999625e-01 1.000000000000000000e+00
-1.442529999999999923e-01 1.466364999999999919e+00 1.000000000000000000e+00
5.387659999999999672e-01 1.100781000000000009e+00 0.000000000000000000e+00
-1.464110999999999940e+00 -8.213340000000000085e-01 1.000000000000000000e+00
1.303560000000000052e+00 -1.184142000000000028e+00 1.000000000000000000e+00
7.705610000000000515e-01 4.720480000000000231e-01 0.000000000000000000e+00
7.310800000000000631e-02 -1.104630000000000056e-01 0.000000000000000000e+00
-8.614979999999999860e-01 1.202118000000000020e+00 1.000000000000000000e+00
-6.577199999999999713e-02 -1.153923000000000032e+00 1.000000000000000000e+00
-7.491799999999999571e-01 9.326170000000000293e-01 0.000000000000000000e+00
7.706469999999999709e-01 4.110360000000000125e-01 0.000000000000000000e+00
1.203233999999999915e+00 6.480559999999999654e-01 1.000000000000000000e+00
-5.620309999999999473e-01 -9.568599999999999328e-02 0.000000000000000000e+00
1.610270000000000035e-01 2.972170000000000090e-01 0.000000000000000000e+00
1.229750000000000010e-01 7.631769999999999943e-01 0.000000000000000000e+00
-1.406943999999999972e+00 1.063698999999999950e+00 1.000000000000000000e+00
7.905849999999999822e-01 -1.241954999999999920e+00 1.000000000000000000e+00
1.402082000000000050e+00 -1.282972999999999919e+00 1.000000000000000000e+00
-7.067830000000000501e-01 1.065411000000000108e+00 0.000000000000000000e+00
7.462950000000000417e-01 -9.635799999999999921e-02 0.000000000000000000e+00
1.040821999999999914e+00 -7.151380000000000514e-01 1.000000000000000000e+00
1.095445999999999920e+00 -3.615590000000000193e-01 1.000000000000000000e+00
-2.062650000000000039e-01 1.569210000000000049e-01 0.000000000000000000e+00
-1.402514999999999956e+00 1.726669999999999872e-01 1.000000000000000000e+00
6.798809999999999576e-01 -1.661829999999999974e-01 0.000000000000000000e+00
-7.257209999999999495e-01 -1.378549000000000024e+00 1.000000000000000000e+00
1.365472999999999937e+00 -9.396130000000000315e-01 1.000000000000000000e+00
1.191320000000000018e-01 -5.039709999999999468e-01 0.000000000000000000e+00
-3.174750000000000072e-01 9.974560000000000093e-01 0.000000000000000000e+00
-1.284839999999999982e+00 -1.374764000000000097e+00 1.000000000000000000e+00
-1.168417000000000039e+00 2.755000000000000070e-03 1.000000000000000000e+00
5.438699999999999646e-01 -5.612030000000000074e-01 0.000000000000000000e+00
5.831509999999999749e-01 -7.932820000000000427e-01 1.000000000000000000e+00
-4.404699999999999727e-01 1.460919000000000079e+00 1.000000000000000000e+00
2.822399999999999909e-01 -3.571250000000000258e-01 0.000000000000000000e+00
-9.482960000000000278e-01 -1.109739000000000031e+00 1.000000000000000000e+00
-9.449220000000000397e-01 1.076805000000000012e+00 1.000000000000000000e+00
1.136320999999999914e+00 -4.090929999999999844e-01 1.000000000000000000e+00
5.057500000000000329e-01 1.145176999999999889e+00 0.000000000000000000e+00
-9.350150000000000405e-01 4.905100000000000016e-01 0.000000000000000000e+00
7.288790000000000546e-01 -9.876030000000000086e-01 1.000000000000000000e+00
4.828870000000000107e-01 5.119139999999999802e-01 0.000000000000000000e+00
-6.826470000000000038e-01 -9.649630000000000152e-01 1.000000000000000000e+00
-1.703599999999999906e-02 -1.302546999999999899e+00 1.000000000000000000e+00
-1.472858999999999918e+00 2.670900000000000010e-02 1.000000000000000000e+00
1.068273000000000028e+00 -1.268771000000000093e+00 1.000000000000000000e+00
6.476210000000000022e-01 6.147240000000000482e-01 0.000000000000000000e+00
1.224210000000000020e-01 -7.883900000000000630e-02 0.000000000000000000e+00
4.831810000000000271e-01 4.066299999999999915e-01 0.000000000000000000e+00
7.908020000000000049e-01 1.270591999999999944e+00 1.000000000000000000e+00
1.475579999999999892e+00 -8.012420000000000098e-01 1.000000000000000000e+00
1.261174999999999935e+00 1.127439999999999998e+00 1.000000000000000000e+00
8.851459999999999884e-01 -1.047654000000000085e+00 1.000000000000000000e+00
-1.095355999999999996e+00 -7.366679999999999895e-01 1.000000000000000000e+00
-1.564439999999999997e-01 -1.240445000000000020e+00 1.000000000000000000e+00
-1.460890000000000022e+00 4.296269999999999811e-01 1.000000000000000000e+00
1.390090999999999966e+00 1.537060000000000093e-01 1.000000000000000000e+00
3.852410000000000001e-01 1.352460000000000051e-01 0.000000000000000000e+00
-1.005578000000000083e+00 -2.117819999999999980e-01 1.000000000000000000e+00
5.184729999999999617e-01 -1.030431000000000097e+00 1.000000000000000000e+00
1.004771000000000081e+00 8.783760000000000456e-01 0.000000000000000000e+00
-4.027069999999999816e-01 -1.365300000000000125e-01 0.000000000000000000e+00
8.604829999999999979e-01 1.123053999999999997e+00 0.000000000000000000e+00
