1.098132000000000108e+00 5.919689999999999674e-01 0.000000000000000000e+00
1.322669999999999957e-01 9.878130000000000521e-01 0.000000000000000000e+00
9.868449999999999722e-01 1.475198999999999927e+00 1.000000000000000000e+00
-1.492050000000000098e+00 -1.575799999999999979e-01 1.000000000000000000e+00
-5.542089999999999517e-01 -2.382100000000000051e-01 0.000000000000000000e+00
1.174230000000000107e+00 2.779079999999999884e-01 1.000000000000000000e+00
6.054709999999999814e-01 1.260124000000000022e+00 1.000000000000000000e+00
-9.065889999999999782e-01 8.462990000000000235e-01 0.000000000000000000e+00
-5.017700000000000493e-01 5.224290000000000322e-01 0.000000000000000000e+00
-6.760700000000000043e-02 7.349649999999999794e-01 0.000000000000000000e+00
-8.257640000000000535e-01 4.967369999999999841e-01 0.000000000000000000e+00
1.267285999999999913e+00 -4.874099999999999960e-02 1.000000000000000000e+00
-1.360378000000000087e+00 2.588150000000000173e-01 1.000000000000000000e+00
-8.981519999999999504e-01 6.938849999999999740e-01 0.000000000000000000e+00
-1.318370000000000097e-01 -7.111480000000000024e-01 0.000000000000000000e+00
1.258853999999999917e+00 6.932070000000000176e-01 1.000000000000000000e+00
7.307470000000000354e-01 1.514070000000000138e-01 0.000000000000000000e+00
3.025729999999999809e-01 -3.109310000000000129e-01 0.000000000000000000e+00
7.668660000000000476e-01 4.998029999999999973e-01 0.000000000000000000e+00
-5.317889999999999562e-01 -1.147656999999999927e+00 1.000000000000000000e+00
8.336729999999999974e-01 -8.612499999999999323e-02 0.000000000000000000e+00
9.369769999999999488e-01 -6.031520000000000215e-01 1.000000000000000000e+00
9.926220000000000043e-01 1.294743999999999895e+00 1.000000000000000000e+00
-1.266238999999999892e+00 6.744100000000000095e-02 1.000000000000000000e+00
1.557929999999999870e-01 -1.063130000000000047e-01 0.000000000000000000e+00
7.487199999999999411e-02 1.647210000000000063e-01 0.000000000000000000e+00
-6.282419999999999671e-01 -1.181125999999999898e+00 1.000000000000000000e+00
-1.314645999999999981e+00 1.103679999999999994e+00 1.000000000000000000e+00
-9.771309999999999718e-01 -9.924300000000000344e-01 1.000000000000000000e+00
1.082581999999999933e+00 9.502019999999999911e-01 1.000000000000000000e+00
-9.471749999999999892e-01 -1.065268000000000104e+00 1.000000000000000000e+00
4.740619999999999834e-01 -2.487159999999999926e-01 0.000000000000000000e+00
1.175718000000000041e+00 5.707229999999999803e-01 1.000000000000000000e+00
7.474300000000000388e-01 6.721000000000000307e-01 0.000000000000000000e+00
1.428100000000000029e-02 1.361698000000000075e+00 1.000000000000000000e+00
9.759409999999999474e-01 -3.762699999999999934e-01 1.000000000000000000e+00
3.173130000000000117e-01 -1.261336999999999930e+00 1.000000000000000000e+00
1.237260000000000026e-01 1.258264999999999967e+00 1.000000000000000000e+00
-1.136454999999999993e+00 -1.002375000000000016e+00 1.000000000000000000e+00
7.574830000000000174e-01 2.803499999999999881e-01 0.000000000000000000e+00
6.081779999999999964e-01 1.068368999999999902e+00 0.000000000000000000e+00
4.514870000000000272e-01 3.578509999999999747e-01 0.000000000000000000e+00
8.721170000000000311e-01 1.324173999999999962e+00 1.000000000000000000e+00
4.255000000000000102e-03 -3.766700000000000048e-01 0.000000000000000000e+00
3.199000000000000021e-03 -1.073784999999999989e+00 1.000000000000000000e+00
-1.451889999999999903e+00 4.151409999999999823e-01 1.000000000000000000e+00
2.459159999999999957e-01 8.684920000000000417e-01 0.000000000000000000e+00
-1.236418000000000017e+00 5.544679999999999609e-01 1.000000000000000000e+00
-1.062311999999999923e+00 8.213359999999999550e-01 0.000000000000000000e+00
1.838200000000000112e-01 9.244949999999999557e-01 0.000000000000000000e+00
-1.187961000000000045e+00 -1.199661000000000088e+00 1.000000000000000000e+00
-8.478269999999999973e-01 3.534930000000000017e-01 0.000000000000000000e+00
7.651970000000000161e-01 -6.433520000000000350e-01 1.000000000000000000e+00
-6.596999999999999531e-01 -1.374565000000000037e+00 1.000000000000000000e+00
5.135450000000000292e-01 -1.052086999999999994e+00 1.000000000000000000e+00
1.357744999999999980e+00 2.446570000000000134e-01 1.000000000000000000e+00
-1.380541999999999936e+00 -1.020723000000000047e+00 1.000000000000000000e+00
1.127999999999999975e-01 1.354408000000000056e+00 1.000000000000000000e+00
7.643060000000000409e-01 1.420187000000000088e+00 1.000000000000000000e+00
5.764200000000000434e-01 -3.184790000000000121e-01 0.000000000000000000e+00
-1.394908000000000037e+00 3.310930000000000262e-01 1.000000000000000000e+00
-1.231109000000000009e+00 4.857600000000000251e-01 1.000000000000000000e+00
-1.612949999999999939e-01 -1.287060000000000093e+00 1.000000000000000000e+00
8.471349999999999714e-01 1.301529999999999909e-01 0.000000000000000000e+00
1.027825999999999906e+00 -2.425630000000000008e-01 1.000000000000000000e+00
-1.256609999999999949e-01 -6.755539999999999878e-01 0.000000000000000000e+00
2.825889999999999791e-01 7.060939999999999994e-01 0.000000000000000000e+00
-4.057509999999999728e-01 1.080735999999999919e+00 0.000000000000000000e+00
8.166139999999999510e-01 -5.214919999999999556e-01 1.000000000000000000e+00
-1.268753000000000020e+00 4.620500000000000301e-02 1.000000000000000000e+00
-6.270390000000000130e-01 -7.636760000000000215e-01 1.000000000000000000e+00
-1.304000000000000038e-03 -1.155359999999999998e-01 0.000000000000000000e+00
-1.462358000000000047e+00 -8.451089999999999991e-01 1.000000000000000000e+00
1.414957000000000020e+00 1.065052000000000110e+00 1.000000000000000000e+00
1.330899999999999972e+00 1.643129999999999868e-01 1.000000000000000000e+00
-8.250610000000000444e-01 8.769759999999999778e-01 0.000000000000000000e+00
7.542140000000000510e-01 1.288658999999999999e+00 1.000000000000000000e+00
1.494688999999999934e+00 -4.063329999999999997e-01 1.000000000000000000e+00
-2.911560000000000259e-01 -4.215260000000000118e-01 0.000000000000000000e+00
-4.043419999999999792e-01 -1.207893000000000105e+00 1.000000000000000000e+00
2.759349999999999858e-01 -9.936359999999999637e-01 1.000000000000000000e+00
-8.264089999999999492e-01 -1.350621000000000071e+00 1.000000000000000000e+00
7.580799999999999761e-01 -1.156608999999999998e+00 1.000000000000000000e+00
1.003589999999999982e+00 1.135890000000000066e+00 1.000000000000000000e+00
1.023690999999999907e+00 7.104900000000000104e-02 0.000000000000000000e+00
9.088870000000000005e-01 -7.714509999999999978e-01 1.000000000000000000e+00
2.954729999999999857e-01 -3.692799999999999971e-01 0.000000000000000000e+00
-1.220237999999999934e+00 -1.581000000000000114e-02 1.000000000000000000e+00
6.082899999999999974e-01 -1.205389999999999934e-01 0.000000000000000000e+00
-1.171739000000000086e+00 -5.105709999999999971e-01 1.000000000000000000e+00
9.124259999999999593e-01 2.287420000000000009e-01 0.000000000000000000e+00
-4.053680000000000061e-01 1.903449999999999864e-01 0.000000000000000000e+00
1.327371999999999996e+00 -1.719239999999999935e-01 1.000000000000000000e+00
-6.953719999999999901e-01 7.232549999999999812e-01 0.000000000000000000e+00
8.676779999999999493e-01 4.677400000000000307e-02 0.000000000000000000e+00
-1.198180000000000023e+00 -9.475090000000000456e-01 1.000000000000000000e+00
1.273559000000000108e+00 -1.235254000000000074e+00 1.000000000000000000e+00
3.585599999999999898e-02 1.162292000000000103e+00 1.000000000000000000e+00
-7.491799999999999571e-01 9.326170000000000293e-01 0.000000000000000000e+00
-1.161383999999999972e+00 9.638050000000000228e-01 1.000000000000000000e+00
-2.199669999999999959e-01 1.253271999999999942e+00 1.000000000000000000e+00
1.301581000000000099e+00 1.436310999999999893e+00 1.000000000000000000e+00
-3.901020000000000043e-01 1.358282999999999907e+00 1.000000000000000000e+00
-1.400889999999999969e+00 -9.234860000000000291e-01 1.000000000000000000e+00
9.138100000000000389e-02 -1.123212000000000099e+00 1.000000000000000000e+00
-2.130549999999999944e-01 1.073560999999999988e+00 0.000000000000000000e+00
8.681619999999999893e-01 1.299609999999999932e+00 1.000000000000000000e+00
-9.790560000000000374e-01 -9.618949999999999445e-01 1.000000000000000000e+00
1.415262000000000020e+00 1.377690000000000081e+00 1.000000000000000000e+00
1.058046999999999960e+00 -7.828260000000000218e-01 1.000000000000000000e+00
1.049587999999999965e+00 1.147502999999999940e+00 1.000000000000000000e+00
-1.185313000000000061e+00 1.489211999999999980e+00 1.000000000000000000e+00
-1.329636999999999958e+00 -1.884810000000000096e-01 1.000000000000000000e+00
7.641499999999999682e-02 -4.517019999999999924e-01 0.000000000000000000e+00
1.015819000000000027e+00 8.734880000000000422e-01 0.000000000000000000e+00
-8.410819999999999963e-01 1.365730000000000000e-01 0.000000000000000000e+00
7.444020000000000081e-01 1.433780000000000054e-01 0.000000000000000000e+00
-5.485400000000000276e-01 2.424910000000000121e-01 0.000000000000000000e+00
-9.784509999999999597e-01 1.194650000000000017e-01 0.000000000000000000e+00
7.257740000000000302e-01 2.892410000000000259e-01 0.000000000000000000e+00
-6.900900000000000090e-02 1.073585999999999929e+00 0.000000000000000000e+00
8.745509999999999673e-01 -9.713299999999999712e-02 0.000000000000000000e+00
1.341610000000000025e-01 -1.289223999999999926e+00 1.000000000000000000e+00
1.272679999999999922e-01 9.201979999999999604e-01 0.000000000000000000e+00
1.012294000000000027e+00 1.406004999999999949e+00 1.000000000000000000e+00
1.319712999999999914e+00 -8.292559999999999931e-01 1.000000000000000000e+00
8.226320000000000299e-01 7.136479999999999491e-01 0.000000000000000000e+00
1.315128999999999992e+00 1.006504999999999983e+00 1.000000000000000000e+00
