1.098132000000000108e+00 5.919689999999999674e-01 0.000000000000000000e+00
1.322669999999999957e-01 9.878130000000000521e-01 0.000000000000000000e+00
9.868449999999999722e-01 1.475198999999999927e+00 1.000000000000000000e+00
-1.492050000000000098e+00 -1.575799999999999979e-01 1.000000000000000000e+00
-5.542089999999999517e-01 -2.382100000000000051e-01 0.000000000000000000e+00
1.174230000000000107e+00 2.779079999999999884e-01 1.000000000000000000e+00
6.054709999999999814e-01 1.260124000000000022e+00 1.000000000000000000e+00
-9.065889999999999782e-01 8.462990000000000235e-01 0.000000000000000000e+00
-5.017700000000000493e-01 5.224290000000000322e-01 0.000000000000000000e+00
-6.760700000000000043e-02 7.349649999999999794e-01 0.000000000000000000e+00
-8.257640000000000535e-01 4.967369999999999841e-01 0.000000000000000000e+00
1.267285999999999913e+00 -4.874099999999999960e-02 1.000000000000000000e+00
-1.360378000000000087e+00 2.588150000000000173e-01 1.000000000000000000e+00
-8.981519999999999504e-01 6.938849999999999740e-01 0.000000000000000000e+00
-1.318370000000000097e-01 -7.111480000000000024e-01 0.000000000000000000e+00
1.258853999999999917e+00 6.932070000000000176e-01 1.000000000000000000e+00
7.307470000000000354e-01 1.514070000000000138e-01 0.000000000000000000e+00
3.025729999999999809e-01 -3.109310000000000129e-01 0.000000000000000000e+00
7.668660000000000476e-01 4.998029999999999973e-01 0.000000000000000000e+00
-5.317889999999999562e-01 -1.147656999999999927e+00 1.000000000000000000e+00
8.336729999999999974e-01 -8.612499999999999323e-02 0.000000000000000000e+00
9.369769999999999488e-01 -6.031520000000000215e-01 1.000000000000000000e+00
9.926220000000000043e-01 1.294743999999999895e+00 1.000000000000000000e+00
-1.266238999999999892e+00 6.744100000000000095e-02 1.000000000000000000e+00
1.557929999999999870e-01 -1.063130000000000047e-01 0.000000000000000000e+00
7.487199999999999411e-02 1.647210000000000063e-01 0.000000000000000000e+00
-6.282419999999999671e-01 -1.181125999999999898e+00 1.000000000000000000e+00
-1.314645999999999981e+00 1.103679999999999994e+00 1.000000000000000000e+00
-9.771309999999999718e-01 -9.924300000000000344e-01 1.000000000000000000e+00
1.082581999999999933e+00 9.502019999999999911e-01 1.000000000000000000e+00
-9.471749999999999892e-01 -1.065268000000000104e+00 1.000000000000000000e+00
4.740619999999999834e-01 -2.487159999999999926e-01 0.000000000000000000e+00
