1.098132000000000108e+00 5.919689999999999674e-01 0.000000000000000000e+00
1.322669999999999957e-01 9.878130000000000521e-01 0.000000000000000000e+00
9.868449999999999722e-01 1.475198999999999927e+00 1.000000000000000000e+00
-1.492050000000000098e+00 -1.575799999999999979e-01 1.000000000000000000e+00
-5.542089999999999517e-01 -2.382100000000000051e-01 0.000000000000000000e+00
1.174230000000000107e+00 2.779079999999999884e-01 1.000000000000000000e+00
6.054709999999999814e-01 1.260124000000000022e+00 1.000000000000000000e+00
-9.065889999999999782e-01 8.462990000000000235e-01 0.000000000000000000e+00
-5.017700000000000493e-01 5.224290000000000322e-01 0.000000000000000000e+00
-6.760700000000000043e-02 7.349649999999999794e-01 0.000000000000000000e+00
-8.257640000000000535e-01 4.967369999999999841e-01 0.000000000000000000e+00
1.267285999999999913e+00 -4.874099999999999960e-02 1.000000000000000000e+00
-1.360378000000000087e+00 2.588150000000000173e-01 1.000000000000000000e+00
-8.981519999999999504e-01 6.938849999999999740e-01 0.000000000000000000e+00
-1.318370000000000097e-01 -7.111480000000000024e-01 0.000000000000000000e+00
1.258853999999999917e+00 6.932070000000000176e-01 1.000000000000000000e+00
7.307470000000000354e-01 1.514070000000000138e-01 0.000000000000000000e+00
3.025729999999999809e-01 -3.109310000000000129e-01 0.000000000000000000e+00
7.668660000000000476e-01 4.998029999999999973e-01 0.000000000000000000e+00
-5.317889999999999562e-01 -1.147656999999999927e+00 1.000000000000000000e+00
8.336729999999999974e-01 -8.612499999999999323e-02 0.000000000000000000e+00
9.369769999999999488e-01 -6.031520000000000215e-01 1.000000000000000000e+00
9.926220000000000043e-01 1.294743999999999895e+00 1.000000000000000000e+00
-1.266238999999999892e+00 6.744100000000000095e-02 1.000000000000000000e+00
1.557929999999999870e-01 -1.063130000000000047e-01 0.000000000000000000e+00
7.487199999999999411e-02 1.647210000000000063e-01 0.000000000000000000e+00
-6.282419999999999671e-01 -1.181125999999999898e+00 1.000000000000000000e+00
-1.314645999999999981e+00 1.103679999999999994e+00 1.000000000000000000e+00
-9.771309999999999718e-01 -9.924300000000000344e-01 1.000000000000000000e+00
1.082581999999999933e+00 9.502019999999999911e-01 1.000000000000000000e+00
-9.471749999999999892e-01 -1.065268000000000104e+00 1.000000000000000000e+00
4.740619999999999834e-01 -2.487159999999999926e-01 0.000000000000000000e+00
1.175718000000000041e+00 5.707229999999999803e-01 1.000000000000000000e+00
7.474300000000000388e-01 6.721000000000000307e-01 0.000000000000000000e+00
1.428100000000000029e-02 1.361698000000000075e+00 1.000000000000000000e+00
9.759409999999999474e-01 -3.762699999999999934e-01 1.000000000000000000e+00
3.173130000000000117e-01 -1.261336999999999930e+00 1.000000000000000000e+00
1.237260000000000026e-01 1.258264999999999967e+00 1.000000000000000000e+00
-1.136454999999999993e+00 -1.002375000000000016e+00 1.000000000000000000e+00
7.574830000000000174e-01 2.803499999999999881e-01 0.000000000000000000e+00
6.081779999999999964e-01 1.068368999999999902e+00 0.000000000000000000e+00
4.514870000000000272e-01 3.578509999999999747e-01 0.000000000000000000e+00
8.721170000000000311e-01 1.324173999999999962e+00 1.000000000000000000e+00
4.255000000000000102e-03 -3.766700000000000048e-01 0.000000000000000000e+00
3.199000000000000021e-03 -1.073784999999999989e+00 1.000000000000000000e+00
-1.451889999999999903e+00 4.151409999999999823e-01 1.000000000000000000e+00
2.459159999999999957e-01 8.684920000000000417e-01 0.000000000000000000e+00
-1.236418000000000017e+00 5.544679999999999609e-01 1.000000000000000000e+00
-1.062311999999999923e+00 8.213359999999999550e-01 0.000000000000000000e+00
1.838200000000000112e-01 9.244949999999999557e-01 0.000000000000000000e+00
-1.187961000000000045e+00 -1.199661000000000088e+00 1.000000000000000000e+00
-8.478269999999999973e-01 3.534930000000000017e-01 0.000000000000000000e+00
7.651970000000000161e-01 -6.433520000000000350e-01 1.000000000000000000e+00
-6.596999999999999531e-01 -1.374565000000000037e+00 1.000000000000000000e+00
5.135450000000000292e-01 -1.052086999999999994e+00 1.000000000000000000e+00
1.357744999999999980e+00 2.446570000000000134e-01 1.000000000000000000e+00
-1.380541999999999936e+00 -1.020723000000000047e+00 1.000000000000000000e+00
1.127999999999999975e-01 1.354408000000000056e+00 1.000000000000000000e+00
7.643060000000000409e-01 1.420187000000000088e+00 1.000000000000000000e+00
5.764200000000000434e-01 -3.184790000000000121e-01 0.000000000000000000e+00
-1.394908000000000037e+00 3.310930000000000262e-01 1.000000000000000000e+00
-1.231109000000000009e+00 4.857600000000000251e-01 1.000000000000000000e+00
-1.612949999999999939e-01 -1.287060000000000093e+00 1.000000000000000000e+00
8.471349999999999714e-01 1.301529999999999909e-01 0.000000000000000000e+00
1.027825999999999906e+00 -2.425630000000000008e-01 1.000000000000000000e+00
-1.256609999999999949e-01 -6.755539999999999878e-01 0.000000000000000000e+00
2.825889999999999791e-01 7.060939999999999994e-01 0.000000000000000000e+00
-4.057509999999999728e-01 1.080735999999999919e+00 0.000000000000000000e+00
8.166139999999999510e-01 -5.214919999999999556e-01 1.000000000000000000e+00
-1.268753000000000020e+00 4.620500000000000301e-02 1.000000000000000000e+00
-6.270390000000000130e-01 -7.636760000000000215e-01 1.000000000000000000e+00
-1.304000000000000038e-03 -1.155359999999999998e-01 0.000000000000000000e+00
-1.462358000000000047e+00 -8.451089999999999991e-01 1.000000000000000000e+00
1.414957000000000020e+00 1.065052000000000110e+00 1.000000000000000000e+00
1.330899999999999972e+00 1.643129999999999868e-01 1.000000000000000000e+00
-8.250610000000000444e-01 8.769759999999999778e-01 0.000000000000000000e+00
7.542140000000000510e-01 1.288658999999999999e+00 1.000000000000000000e+00
1.494688999999999934e+00 -4.063329999999999997e-01 1.000000000000000000e+00
-2.911560000000000259e-01 -4.215260000000000118e-01 0.000000000000000000e+00
-4.043419999999999792e-01 -1.207893000000000105e+00 1.000000000000000000e+00
2.759349999999999858e-01 -9.936359999999999637e-01 1.000000000000000000e+00
-8.264089999999999492e-01 -1.350621000000000071e+00 1.000000000000000000e+00
7.580799999999999761e-01 -1.156608999999999998e+00 1.000000000000000000e+00
1.003589999999999982e+00 1.135890000000000066e+00 1.000000000000000000e+00
1.023690999999999907e+00 7.104900000000000104e-02 0.000000000000000000e+00
9.088870000000000005e-01 -7.714509999999999978e-01 1.000000000000000000e+00
2.954729999999999857e-01 -3.692799999999999971e-01 0.000000000000000000e+00
-1.220237999999999934e+00 -1.581000000000000114e-02 1.000000000000000000e+00
6.082899999999999974e-01 -1.205389999999999934e-01 0.000000000000000000e+00
-1.171739000000000086e+00 -5.105709999999999971e-01 1.000000000000000000e+00
9.124259999999999593e-01 2.287420000000000009e-01 0.000000000000000000e+00
-4.053680000000000061e-01 1.903449999999999864e-01 0.000000000000000000e+00
1.327371999999999996e+00 -1.719239999999999935e-01 1.000000000000000000e+00
-6.953719999999999901e-01 7.232549999999999812e-01 0.000000000000000000e+00
8.676779999999999493e-01 4.677400000000000307e-02 0.000000000000000000e+00
-1.198180000000000023e+00 -9.475090000000000456e-01 1.000000000000000000e+00
1.273559000000000108e+00 -1.235254000000000074e+00 1.000000000000000000e+00
3.585599999999999898e-02 1.162292000000000103e+00 1.000000000000000000e+00
-7.491799999999999571e-01 9.326170000000000293e-01 0.000000000000000000e+00
-1.161383999999999972e+00 9.638050000000000228e-01 1.000000000000000000e+00
-2.199669999999999959e-01 1.253271999999999942e+00 1.000000000000000000e+00
1.301581000000000099e+00 1.436310999999999893e+00 1.000000000000000000e+00
-3.901020000000000043e-01 1.358282999999999907e+00 1.000000000000000000e+00
-1.400889999999999969e+00 -9.234860000000000291e-01 1.000000000000000000e+00
9.138100000000000389e-02 -1.123212000000000099e+00 1.000000000000000000e+00
-2.130549999999999944e-01 1.073560999999999988e+00 0.000000000000000000e+00
8.681619999999999893e-01 1.299609999999999932e+00 1.000000000000000000e+00
-9.790560000000000374e-01 -9.618949999999999445e-01 1.000000000000000000e+00
1.415262000000000020e+00 1.377690000000000081e+00 1.000000000000000000e+00
1.058046999999999960e+00 -7.828260000000000218e-01 1.000000000000000000e+00
1.049587999999999965e+00 1.147502999999999940e+00 1.000000000000000000e+00
-1.185313000000000061e+00 1.489211999999999980e+00 1.000000000000000000e+00
-1.329636999999999958e+00 -1.884810000000000096e-01 1.000000000000000000e+00
7.641499999999999682e-02 -4.517019999999999924e-01 0.000000000000000000e+00
1.015819000000000027e+00 8.734880000000000422e-01 0.000000000000000000e+00
-8.410819999999999963e-01 1.365730000000000000e-01 0.000000000000000000e+00
7.444020000000000081e-01 1.433780000000000054e-01 0.000000000000000000e+00
-5.485400000000000276e-01 2.424910000000000121e-01 0.000000000000000000e+00
-9.784509999999999597e-01 1.194650000000000017e-01 0.000000000000000000e+00
7.257740000000000302e-01 2.892410000000000259e-01 0.000000000000000000e+00
-6.900900000000000090e-02 1.073585999999999929e+00 0.000000000000000000e+00
8.745509999999999673e-01 -9.713299999999999712e-02 0.000000000000000000e+00
1.341610000000000025e-01 -1.289223999999999926e+00 1.000000000000000000e+00
1.272679999999999922e-01 9.201979999999999604e-01 0.000000000000000000e+00
1.012294000000000027e+00 1.406004999999999949e+00 1.000000000000000000e+00
1.319712999999999914e+00 -8.292559999999999931e-01 1.000000000000000000e+00
8.226320000000000299e-01 7.136479999999999491e-01 0.000000000000000000e+00
1.315128999999999992e+00 1.006504999999999983e+00 1.000000000000000000e+00
-1.098778000000000032e+00 -7.733099999999999696e-02 1.000000000000000000e+00
-1.245470000000000077e+00 -1.210901999999999923e+00 1.000000000000000000e+00
8.848840000000000039e-01 7.129929999999999879e-01 0.000000000000000000e+00
1.531089999999999951e-01 5.886489999999999778e-01 0.000000000000000000e+00
-6.404320000000000013e-01 -2.619600000000000262e-01 0.000000000000000000e+00
4.240630000000000233e-01 -3.784969999999999724e-01 0.000000000000000000e+00
-1.484234000000000053e+00 -5.089709999999999512e-01 1.000000000000000000e+00
5.699060000000000237e-01 -4.076699999999999768e-02 0.000000000000000000e+00
6.772930000000000339e-01 8.872339999999999671e-01 0.000000000000000000e+00
1.443335999999999952e+00 4.074119999999999964e-01 1.000000000000000000e+00
-8.687550000000000550e-01 8.298029999999999573e-01 0.000000000000000000e+00
2.039930000000000077e-01 -6.385450000000000292e-01 0.000000000000000000e+00
9.728980000000000405e-01 -1.338020000000000043e-01 1.000000000000000000e+00
1.097115000000000062e+00 9.174440000000000373e-01 1.000000000000000000e+00
1.427300999999999931e+00 8.044500000000000262e-02 1.000000000000000000e+00
-7.738350000000000506e-01 -1.358316000000000079e+00 1.000000000000000000e+00
1.208231000000000055e+00 -5.431500000000000217e-02 1.000000000000000000e+00
1.355007000000000073e+00 -1.310697000000000001e+00 1.000000000000000000e+00
-1.307943000000000078e+00 5.145600000000000174e-01 1.000000000000000000e+00
2.971199999999999952e-01 1.293303000000000091e+00 1.000000000000000000e+00
-1.155127999999999933e+00 -2.435999999999999797e-03 1.000000000000000000e+00
8.561720000000000441e-01 2.172360000000000124e-01 0.000000000000000000e+00
-1.354913999999999952e+00 1.253055999999999948e+00 1.000000000000000000e+00
9.435440000000000493e-01 7.731209999999999471e-01 0.000000000000000000e+00
-1.787749999999999895e-01 1.172689999999999982e-01 0.000000000000000000e+00
-2.763260000000000161e-01 -8.152829999999999799e-01 1.000000000000000000e+00
-6.344680000000000319e-01 1.135450999999999988e+00 0.000000000000000000e+00
-7.531900000000000261e-01 1.756709999999999938e-01 0.000000000000000000e+00
1.346241000000000021e+00 -4.104260000000000130e-01 1.000000000000000000e+00
-1.135580999999999952e+00 4.680119999999999836e-01 0.000000000000000000e+00
8.316519999999999468e-01 -6.287310000000000398e-01 1.000000000000000000e+00
-1.841250000000000109e-01 1.272605999999999904e+00 1.000000000000000000e+00
-9.086500000000000132e-02 2.951000000000000064e-03 0.000000000000000000e+00
-1.151321999999999957e+00 -1.190638000000000085e+00 1.000000000000000000e+00
-1.055698999999999943e+00 1.075391999999999904e+00 1.000000000000000000e+00
-2.105349999999999999e-01 -1.402878000000000069e+00 1.000000000000000000e+00
1.299304999999999932e+00 6.462769999999999904e-01 1.000000000000000000e+00
-8.443840000000000234e-01 4.161369999999999791e-01 0.000000000000000000e+00
-9.928339999999999943e-01 7.529510000000000369e-01 0.000000000000000000e+00
5.798609999999999598e-01 -1.224007000000000067e+00 1.000000000000000000e+00
1.208156999999999925e+00 1.494560000000000055e-01 1.000000000000000000e+00
2.883189999999999920e-01 -1.083779999999999966e+00 1.000000000000000000e+00
2.911170000000000146e-01 -2.709849999999999759e-01 0.000000000000000000e+00
5.614999999999999991e-01 -6.330919999999999881e-01 1.000000000000000000e+00
8.950240000000000418e-01 -5.291310000000000180e-01 1.000000000000000000e+00
-7.492069999999999563e-01 -1.461808999999999914e+00 1.000000000000000000e+00
-8.542929999999999691e-01 1.088128999999999902e+00 0.000000000000000000e+00
4.313770000000000104e-01 5.716299999999999715e-01 0.000000000000000000e+00
-2.383339999999999903e-01 2.923189999999999955e-01 0.000000000000000000e+00
4.749510000000000121e-01 1.223973999999999895e+00 0.000000000000000000e+00
4.859010000000000273e-01 -1.349040999999999935e+00 1.000000000000000000e+00
1.000167000000000028e+00 1.294454999999999911e+00 1.000000000000000000e+00
9.537120000000000042e-01 1.639349999999999974e-01 0.000000000000000000e+00
4.676429999999999754e-01 1.037158000000000024e+00 0.000000000000000000e+00
-7.240720000000000489e-01 -2.437400000000000122e-01 0.000000000000000000e+00
8.551499999999999380e-02 -4.503220000000000001e-01 0.000000000000000000e+00
-9.632000000000000284e-02 -5.684449999999999781e-01 0.000000000000000000e+00
5.387659999999999672e-01 1.100781000000000009e+00 0.000000000000000000e+00
2.960550000000000126e-01 1.001741999999999910e+00 0.000000000000000000e+00
1.016588999999999965e+00 -2.507289999999999797e-01 1.000000000000000000e+00
8.228469999999999951e-01 -3.522200000000000331e-02 0.000000000000000000e+00
-1.372984999999999900e+00 -3.193590000000000040e-01 1.000000000000000000e+00
5.598919999999999453e-01 1.281799999999999884e-01 0.000000000000000000e+00
8.595159999999999467e-01 8.655909999999999993e-01 0.000000000000000000e+00
-7.356380000000000141e-01 -2.733639999999999959e-01 0.000000000000000000e+00
-1.469365000000000032e+00 1.057028999999999996e+00 1.000000000000000000e+00
-1.061706000000000039e+00 -6.328209999999999669e-01 1.000000000000000000e+00
5.029569999999999874e-01 1.145479999999999970e-01 0.000000000000000000e+00
3.304210000000000202e-01 -1.733200000000000018e-01 0.000000000000000000e+00
1.124030000000000085e+00 -2.120899999999999869e-02 1.000000000000000000e+00
-1.061261999999999928e+00 -7.653680000000000483e-01 1.000000000000000000e+00
1.393367999999999940e+00 -2.363770000000000038e-01 1.000000000000000000e+00
-5.528680000000000261e-01 5.610340000000000327e-01 0.000000000000000000e+00
8.454970000000000541e-01 9.831170000000000186e-01 0.000000000000000000e+00
-1.177400999999999920e+00 -1.394266000000000005e+00 1.000000000000000000e+00
-1.217479999999999951e-01 1.392883000000000093e+00 1.000000000000000000e+00
6.587380000000000457e-01 6.480289999999999662e-01 0.000000000000000000e+00
7.049560000000000271e-01 1.241320999999999897e+00 1.000000000000000000e+00
-9.625280000000000502e-01 -2.896500000000000186e-01 1.000000000000000000e+00
4.742629999999999901e-01 -1.443540000000000101e-01 0.000000000000000000e+00
6.113629999999999898e-01 1.340073000000000070e+00 1.000000000000000000e+00
9.050249999999999684e-01 -8.534500000000000419e-01 1.000000000000000000e+00
-2.776480000000000059e-01 1.333015000000000061e+00 1.000000000000000000e+00
1.085709000000000035e+00 -1.346400000000000027e-02 1.000000000000000000e+00
6.964700000000000335e-01 -1.293482000000000021e+00 1.000000000000000000e+00
1.353162999999999894e+00 8.920850000000000168e-01 1.000000000000000000e+00
-1.277651000000000092e+00 7.795900000000000052e-02 1.000000000000000000e+00
-4.607629999999999781e-01 4.450270000000000059e-01 0.000000000000000000e+00
-4.291349999999999887e-01 7.761630000000000473e-01 0.000000000000000000e+00
1.366945999999999994e+00 7.735469999999999846e-01 1.000000000000000000e+00
4.733010000000000272e-01 1.445284000000000013e+00 1.000000000000000000e+00
1.138735000000000053e+00 -3.097779999999999978e-01 1.000000000000000000e+00
-1.223797999999999941e+00 -1.162838000000000038e+00 1.000000000000000000e+00
-1.301811000000000051e+00 9.034600000000000408e-01 1.000000000000000000e+00
3.001249999999999751e-01 9.093299999999999994e-02 0.000000000000000000e+00
7.971899999999999820e-02 -6.115469999999999517e-01 0.000000000000000000e+00
-4.838210000000000011e-01 4.701040000000000219e-01 0.000000000000000000e+00
-1.196903999999999968e+00 -1.488002999999999965e+00 1.000000000000000000e+00
1.231074999999999919e+00 -7.907899999999999929e-01 1.000000000000000000e+00
-4.145530000000000048e-01 6.695590000000000153e-01 0.000000000000000000e+00
-4.557660000000000045e-01 -9.930799999999999350e-02 0.000000000000000000e+00
1.836889999999999912e-01 -7.517699999999999383e-02 0.000000000000000000e+00
-1.140738000000000030e+00 1.114716999999999958e+00 1.000000000000000000e+00
-3.630390000000000006e-01 -1.240682999999999980e+00 1.000000000000000000e+00
-1.294763000000000108e+00 -8.769289999999999585e-01 1.000000000000000000e+00
1.123275000000000023e+00 6.049780000000000157e-01 0.000000000000000000e+00
1.343650999999999929e+00 -1.479362000000000066e+00 1.000000000000000000e+00
-1.471335999999999977e+00 1.139672000000000018e+00 1.000000000000000000e+00
-6.393889999999999851e-01 -3.393600000000000089e-02 0.000000000000000000e+00
8.855699999999999683e-02 -1.343088000000000060e+00 1.000000000000000000e+00
9.573019999999999863e-01 1.139246999999999899e+00 1.000000000000000000e+00
3.029209999999999958e-01 -4.025360000000000049e-01 0.000000000000000000e+00
8.928359999999999630e-01 -3.993300000000000322e-02 0.000000000000000000e+00
-2.528179999999999872e-01 -2.721100000000000185e-01 0.000000000000000000e+00
1.232396999999999965e+00 8.298480000000000301e-01 1.000000000000000000e+00
1.042183000000000082e+00 -2.674750000000000183e-01 1.000000000000000000e+00
1.816969999999999974e-01 -8.187630000000000186e-01 0.000000000000000000e+00
6.163929999999999687e-01 -1.418449000000000071e+00 1.000000000000000000e+00
1.364281999999999995e+00 -1.010123000000000104e+00 1.000000000000000000e+00
9.342519999999999714e-01 1.311339000000000032e+00 1.000000000000000000e+00
-9.596580000000000110e-01 -1.288097999999999965e+00 1.000000000000000000e+00
8.372499999999999387e-02 4.766239999999999921e-01 0.000000000000000000e+00
-3.187989999999999990e-01 -3.461270000000000180e-01 0.000000000000000000e+00
-9.999630000000000463e-01 -1.088870999999999922e+00 1.000000000000000000e+00
1.558120000000000061e-01 -1.621509999999999896e-01 0.000000000000000000e+00
-8.775060000000000082e-01 -1.220129999999999937e+00 1.000000000000000000e+00
-2.834800000000000167e-02 -1.184879000000000016e+00 1.000000000000000000e+00
2.909419999999999784e-01 -1.160457000000000072e+00 1.000000000000000000e+00
1.075140999999999902e+00 -1.059200000000000072e-02 1.000000000000000000e+00
-1.071177000000000046e+00 -6.069090000000000318e-01 1.000000000000000000e+00
3.175220000000000264e-01 2.572490000000000054e-01 0.000000000000000000e+00
6.859140000000000237e-01 -6.357190000000000341e-01 1.000000000000000000e+00
1.325725000000000042e+00 -9.797489999999999810e-01 1.000000000000000000e+00
-1.090883999999999965e+00 4.342900000000000094e-01 0.000000000000000000e+00
1.209205000000000085e+00 -9.996859999999999635e-01 1.000000000000000000e+00
6.353039999999999798e-01 1.103544999999999998e+00 0.000000000000000000e+00
2.142580000000000040e-01 -8.103719999999999812e-01 0.000000000000000000e+00
8.656110000000000193e-01 1.367774999999999963e+00 1.000000000000000000e+00
1.955520000000000036e-01 -6.256730000000000347e-01 0.000000000000000000e+00
-9.697759999999999714e-01 1.483333999999999930e+00 1.000000000000000000e+00
9.692699999999999927e-02 -6.226500000000000368e-01 0.000000000000000000e+00
6.294300000000000450e-01 7.516570000000000196e-01 0.000000000000000000e+00
-1.004280000000000062e+00 -9.408410000000000384e-01 1.000000000000000000e+00
1.074111000000000038e+00 1.237074999999999925e+00 1.000000000000000000e+00
-7.166989999999999750e-01 1.426676999999999973e+00 1.000000000000000000e+00
3.728210000000000135e-01 9.454350000000000254e-01 0.000000000000000000e+00
9.846420000000000172e-01 1.176396999999999915e+00 1.000000000000000000e+00
1.141739999999999977e+00 -1.023214999999999986e+00 1.000000000000000000e+00
-3.351689999999999947e-01 1.198199999999999932e+00 0.000000000000000000e+00
-3.539990000000000081e-01 -4.695360000000000089e-01 0.000000000000000000e+00
5.577189999999999648e-01 6.105979999999999741e-01 0.000000000000000000e+00
1.284586999999999923e+00 -3.748330000000000273e-01 1.000000000000000000e+00
-8.052949999999999831e-01 -6.152370000000000339e-01 1.000000000000000000e+00
-1.432660000000000045e-01 -9.996469999999999523e-01 1.000000000000000000e+00
3.319880000000000053e-01 1.499384000000000050e+00 1.000000000000000000e+00
-6.900880000000000347e-01 5.894900000000000140e-02 0.000000000000000000e+00
-5.636029999999999651e-01 5.906639999999999668e-01 0.000000000000000000e+00
1.095445999999999920e+00 -3.615590000000000193e-01 1.000000000000000000e+00
-6.987950000000000550e-01 -1.289260000000000073e+00 1.000000000000000000e+00
8.457299999999999540e-02 -3.114939999999999931e-01 0.000000000000000000e+00
1.271830000000000016e+00 -7.527999999999999969e-02 1.000000000000000000e+00
6.812589999999999479e-01 6.244229999999999503e-01 0.000000000000000000e+00
-5.803160000000000540e-01 -9.460100000000000176e-01 1.000000000000000000e+00
3.321069999999999856e-01 -7.747110000000000385e-01 1.000000000000000000e+00
-1.936309999999999976e-01 -1.031873999999999958e+00 1.000000000000000000e+00
-6.569709999999999717e-01 1.985020000000000118e-01 0.000000000000000000e+00
-6.013049999999999784e-01 -1.248280999999999974e+00 1.000000000000000000e+00
7.400449999999999529e-01 -1.262509000000000103e+00 1.000000000000000000e+00
5.013440000000000119e-01 8.869040000000000257e-01 0.000000000000000000e+00
-1.183211000000000013e+00 -9.897730000000000139e-01 1.000000000000000000e+00
-1.030389999999999917e+00 -9.990820000000000256e-01 1.000000000000000000e+00
9.154499999999999860e-01 7.252180000000000293e-01 0.000000000000000000e+00
9.372230000000000283e-01 1.394816000000000056e+00 1.000000000000000000e+00
-1.073129999999999917e+00 7.110750000000000126e-01 0.000000000000000000e+00
-1.288324000000000025e+00 -9.618710000000000315e-01 1.000000000000000000e+00
1.379124999999999934e+00 1.393551999999999902e+00 1.000000000000000000e+00
-7.515570000000000306e-01 -2.679989999999999872e-01 0.000000000000000000e+00
-1.461584999999999912e+00 -1.207665999999999906e+00 1.000000000000000000e+00
7.379219999999999668e-01 7.428850000000000176e-01 0.000000000000000000e+00
1.257991000000000081e+00 1.524499999999999987e-02 1.000000000000000000e+00
-3.535470000000000002e-01 1.115582000000000074e+00 0.000000000000000000e+00
-8.925659999999999705e-01 -2.356139999999999901e-01 1.000000000000000000e+00
7.043500000000000316e-01 -1.101742999999999917e+00 1.000000000000000000e+00
-1.317844999999999933e+00 4.689670000000000227e-01 1.000000000000000000e+00
1.325693000000000010e+00 -4.642609999999999792e-01 1.000000000000000000e+00
-8.645690000000000319e-01 7.570710000000000495e-01 0.000000000000000000e+00
8.295630000000000503e-01 8.989479999999999693e-01 0.000000000000000000e+00
1.022529999999999939e+00 -9.157500000000000362e-02 1.000000000000000000e+00
3.416130000000000000e-01 5.144699999999999829e-01 0.000000000000000000e+00
3.249409999999999799e-01 3.718569999999999931e-01 0.000000000000000000e+00
2.317420000000000035e-01 -1.283589000000000091e+00 1.000000000000000000e+00
1.431521000000000043e+00 -9.546289999999999498e-01 1.000000000000000000e+00
-3.700169999999999848e-01 9.254809999999999981e-01 0.000000000000000000e+00
1.509699999999999931e-01 8.508790000000000520e-01 0.000000000000000000e+00
7.014989999999999837e-01 -5.358300000000000285e-01 1.000000000000000000e+00
6.255199999999999649e-01 6.221200000000000063e-01 0.000000000000000000e+00
-1.411170000000000035e+00 3.661490000000000022e-01 1.000000000000000000e+00
9.249460000000000459e-01 1.348090000000000122e-01 0.000000000000000000e+00
-1.485147999999999913e+00 -1.150342999999999893e+00 1.000000000000000000e+00
-2.133839999999999903e-01 4.423050000000000037e-01 0.000000000000000000e+00
3.516520000000000201e-01 -8.055229999999999890e-01 1.000000000000000000e+00
5.864350000000000396e-01 9.092820000000000347e-01 0.000000000000000000e+00
-6.009109999999999729e-01 1.027949999999999919e+00 0.000000000000000000e+00
-1.067433000000000076e+00 3.930640000000000245e-01 0.000000000000000000e+00
4.881429999999999936e-01 -1.082446999999999937e+00 1.000000000000000000e+00
-1.083754000000000106e+00 3.169960000000000000e-01 0.000000000000000000e+00
1.736550000000000038e-01 1.416028000000000064e+00 1.000000000000000000e+00
-1.138076000000000088e+00 2.673309999999999853e-01 1.000000000000000000e+00
-1.383401000000000103e+00 -4.499290000000000234e-01 1.000000000000000000e+00
1.421824999999999894e+00 1.272629000000000010e+00 1.000000000000000000e+00
7.529709999999999459e-01 -1.044110000000000094e+00 1.000000000000000000e+00
9.307699999999999307e-02 1.220013999999999932e+00 1.000000000000000000e+00
-5.984789999999999832e-01 9.343209999999999571e-01 0.000000000000000000e+00
5.903659999999999464e-01 1.285431999999999908e+00 1.000000000000000000e+00
2.170310000000000017e-01 -8.894779999999999909e-01 1.000000000000000000e+00
9.896009999999999529e-01 9.667970000000000175e-01 0.000000000000000000e+00
-7.803889999999999993e-01 -3.838969999999999883e-01 1.000000000000000000e+00
1.174587999999999965e+00 2.801770000000000094e-01 1.000000000000000000e+00
-5.739539999999999642e-01 -1.565719999999999890e-01 0.000000000000000000e+00
-7.424570000000000336e-01 1.118106000000000044e+00 0.000000000000000000e+00
1.254520000000000080e+00 1.061315999999999926e+00 1.000000000000000000e+00
1.227309999999999901e+00 -1.122478000000000087e+00 1.000000000000000000e+00
3.899899999999999894e-02 9.011700000000000266e-01 0.000000000000000000e+00
-9.545919999999999961e-01 -1.350456000000000101e+00 1.000000000000000000e+00
1.154017000000000071e+00 -5.688649999999999540e-01 1.000000000000000000e+00
-1.382460000000000078e-01 5.601469999999999505e-01 0.000000000000000000e+00
-7.359649999999999803e-01 -3.564760000000000151e-01 0.000000000000000000e+00
6.841599999999999904e-01 -2.961409999999999876e-01 0.000000000000000000e+00
2.505780000000000229e-01 1.146249999999999991e+00 0.000000000000000000e+00
6.503299999999999637e-01 -9.115980000000000194e-01 1.000000000000000000e+00
-1.252326999999999968e+00 -9.577959999999999807e-01 1.000000000000000000e+00
1.207230999999999943e+00 -4.119950000000000001e-01 1.000000000000000000e+00
1.369440000000000102e-01 -8.563439999999999941e-01 0.000000000000000000e+00
-8.856169999999999876e-01 -5.362850000000000117e-01 1.000000000000000000e+00
-3.762900000000000272e-02 -2.765830000000000233e-01 0.000000000000000000e+00
-1.295712999999999893e+00 8.285919999999999952e-01 1.000000000000000000e+00
-6.013290000000000024e-01 -4.779419999999999780e-01 0.000000000000000000e+00
1.462166000000000077e+00 1.165713999999999917e+00 1.000000000000000000e+00
6.317570000000000130e-01 2.364189999999999903e-01 0.000000000000000000e+00
5.657550000000000079e-01 8.948200000000000598e-02 0.000000000000000000e+00
-7.285690000000000222e-01 -1.191712000000000105e+00 1.000000000000000000e+00
1.288823999999999970e+00 -3.989210000000000256e-01 1.000000000000000000e+00
-1.906599999999999961e-02 -1.281792999999999960e+00 1.000000000000000000e+00
-1.461551999999999962e+00 4.848930000000000184e-01 1.000000000000000000e+00
1.610270000000000035e-01 2.972170000000000090e-01 0.000000000000000000e+00
7.227999999999999980e-01 4.997249999999999748e-01 0.000000000000000000e+00
-1.965139999999999942e-01 2.732990000000000141e-01 0.000000000000000000e+00
2.398839999999999861e-01 1.302986999999999895e+00 1.000000000000000000e+00
-3.261580000000000035e-01 -1.422965000000000035e+00 1.000000000000000000e+00
-1.256137000000000059e+00 1.040214999999999890e+00 1.000000000000000000e+00
2.893419999999999881e-01 6.871310000000000473e-01 0.000000000000000000e+00
9.399429999999999730e-01 7.109590000000000076e-01 0.000000000000000000e+00
-1.061160000000000103e+00 7.935959999999999681e-01 0.000000000000000000e+00
-1.453889999999999905e+00 -1.631559999999999955e-01 1.000000000000000000e+00
1.169937999999999922e+00 -6.128730000000000011e-01 1.000000000000000000e+00
1.103332999999999897e+00 -1.318138000000000032e+00 1.000000000000000000e+00
-2.148140000000000049e-01 7.785269999999999690e-01 0.000000000000000000e+00
4.861119999999999886e-01 -8.530870000000000397e-01 1.000000000000000000e+00
1.531800000000000002e-02 1.614649999999999974e-01 0.000000000000000000e+00
6.944580000000000197e-01 -4.716609999999999969e-01 1.000000000000000000e+00
4.701980000000000048e-01 -4.104050000000000198e-01 0.000000000000000000e+00
9.610769999999999591e-01 1.352267000000000108e+00 1.000000000000000000e+00
2.863299999999999873e-02 -4.263430000000000275e-01 0.000000000000000000e+00
-3.058299999999999907e-01 6.839530000000000332e-01 0.000000000000000000e+00
8.057910000000000350e-01 1.188792999999999989e+00 1.000000000000000000e+00
-1.373463000000000100e+00 4.966900000000000204e-01 1.000000000000000000e+00
1.746949999999999892e-01 6.402149999999999785e-01 0.000000000000000000e+00
-1.123148999999999953e+00 -6.008620000000000072e-01 1.000000000000000000e+00
-1.184841999999999951e+00 2.205600000000000060e-01 1.000000000000000000e+00
-1.011527000000000065e+00 5.564559999999999507e-01 0.000000000000000000e+00
-9.510790000000000077e-01 1.054246999999999934e+00 0.000000000000000000e+00
-7.094559999999999755e-01 -7.088959999999999706e-01 1.000000000000000000e+00
-8.250170000000000003e-01 1.089868999999999977e+00 0.000000000000000000e+00
5.580960000000000365e-01 9.111909999999999732e-01 0.000000000000000000e+00
-1.038068999999999908e+00 -2.940329999999999888e-01 1.000000000000000000e+00
-1.519600000000000117e-01 -2.820969999999999867e-01 0.000000000000000000e+00
1.043962000000000057e+00 -2.032090000000000007e-01 1.000000000000000000e+00
-2.906980000000000119e-01 1.431853999999999960e+00 1.000000000000000000e+00
1.133715000000000028e+00 -1.471201999999999899e+00 1.000000000000000000e+00
9.670600000000000307e-01 -1.180290000000000061e+00 1.000000000000000000e+00
4.893000000000000127e-02 5.471549999999999470e-01 0.000000000000000000e+00
-3.280339999999999923e-01 -7.022760000000000113e-01 0.000000000000000000e+00
3.234100000000000169e-02 -1.366454000000000057e+00 1.000000000000000000e+00
-1.309743000000000102e+00 -6.503619999999999957e-01 1.000000000000000000e+00
6.448169999999999735e-01 6.468540000000000401e-01 0.000000000000000000e+00
6.036240000000000494e-01 -1.483470000000000066e-01 0.000000000000000000e+00
-5.381930000000000325e-01 9.136290000000000244e-01 0.000000000000000000e+00
-1.462050999999999989e+00 -3.909279999999999977e-01 1.000000000000000000e+00
8.611609999999999543e-01 1.289152999999999993e+00 1.000000000000000000e+00
7.332499999999999574e-01 4.301920000000000188e-01 0.000000000000000000e+00
-1.860360000000000069e-01 -1.277212000000000014e+00 1.000000000000000000e+00
1.125072999999999990e+00 -5.702999999999999736e-03 1.000000000000000000e+00
-8.399140000000000494e-01 4.915840000000000209e-01 0.000000000000000000e+00
-4.557720000000000105e-01 3.603029999999999844e-01 0.000000000000000000e+00
-4.365240000000000231e-01 -7.760650000000000048e-01 1.000000000000000000e+00
1.403270000000000017e+00 -9.215349999999999930e-01 1.000000000000000000e+00
-8.008110000000000506e-01 4.108350000000000057e-01 0.000000000000000000e+00
3.361029999999999851e-01 -1.128939999999999944e-01 0.000000000000000000e+00
-1.424053999999999931e+00 1.397976000000000107e+00 1.000000000000000000e+00
-4.427610000000000157e-01 -5.752620000000000511e-01 0.000000000000000000e+00
7.252370000000000205e-01 1.395461999999999980e+00 1.000000000000000000e+00
-7.020279999999999854e-01 1.264089999999999936e-01 0.000000000000000000e+00
6.485279999999999934e-01 5.210519999999999596e-01 0.000000000000000000e+00
-1.041170000000000012e-01 1.442396999999999929e+00 1.000000000000000000e+00
3.172180000000000000e-01 8.105759999999999632e-01 0.000000000000000000e+00
-3.057130000000000125e-01 -1.102603999999999917e+00 1.000000000000000000e+00
-1.098246000000000056e+00 -7.582820000000000116e-01 1.000000000000000000e+00
-6.403269999999999795e-01 1.924049999999999927e-01 0.000000000000000000e+00
-1.271897000000000055e+00 -8.399739999999999984e-01 1.000000000000000000e+00
-1.144490000000000007e+00 6.218740000000000379e-01 1.000000000000000000e+00
6.548270000000000479e-01 -9.425909999999999567e-01 1.000000000000000000e+00
-5.470699999999999452e-01 1.160193000000000030e+00 0.000000000000000000e+00
6.231879999999999642e-01 2.567050000000000165e-01 0.000000000000000000e+00
5.630990000000000162e-01 3.249259999999999926e-01 0.000000000000000000e+00
-8.027520000000000211e-01 -4.570350000000000246e-01 1.000000000000000000e+00
-1.032542000000000071e+00 -1.911259999999999903e-01 1.000000000000000000e+00
9.364749999999999464e-01 -8.801109999999999767e-01 1.000000000000000000e+00
6.962000000000000410e-01 -1.876639999999999975e-01 0.000000000000000000e+00
8.163089999999999513e-01 -8.590839999999999588e-01 1.000000000000000000e+00
-1.288281999999999927e+00 6.525450000000000417e-01 1.000000000000000000e+00
1.329296000000000033e+00 8.295679999999999721e-01 1.000000000000000000e+00
7.818070000000000297e-01 -4.651259999999999839e-01 1.000000000000000000e+00
1.557799999999999983e-02 1.065077999999999969e+00 1.000000000000000000e+00
7.444190000000000529e-01 -9.426099999999999757e-02 0.000000000000000000e+00
1.421880000000000088e-01 -3.780510000000000259e-01 0.000000000000000000e+00
-1.259525999999999923e+00 7.467479999999999674e-01 1.000000000000000000e+00
8.198839999999999462e-01 -1.434920999999999891e+00 1.000000000000000000e+00
-4.063910000000000022e-01 -3.576079999999999814e-01 0.000000000000000000e+00
1.443067000000000100e+00 -1.446787999999999963e+00 1.000000000000000000e+00
-4.240209999999999813e-01 -8.934299999999999464e-01 1.000000000000000000e+00
1.399537999999999949e+00 7.510989999999999611e-01 1.000000000000000000e+00
-1.088754999999999917e+00 -1.335550000000000015e+00 1.000000000000000000e+00
1.284710000000000019e-01 1.338217999999999908e+00 1.000000000000000000e+00
-1.255988000000000104e+00 -8.263359999999999594e-01 1.000000000000000000e+00
1.428652000000000033e+00 5.718170000000000197e-01 1.000000000000000000e+00
7.876269999999999660e-01 -1.234596999999999944e+00 1.000000000000000000e+00
1.486596000000000029e+00 1.026080000000000048e-01 1.000000000000000000e+00
5.046929999999999472e-01 -1.283415999999999890e+00 1.000000000000000000e+00
1.851369999999999960e-01 -1.067312000000000038e+00 1.000000000000000000e+00
-2.357630000000000003e-01 7.131800000000000639e-02 0.000000000000000000e+00
3.802769999999999762e-01 -1.081482000000000054e+00 1.000000000000000000e+00
1.380130000000000079e+00 1.881690000000000029e-01 1.000000000000000000e+00
5.688069999999999515e-01 8.631379999999999608e-01 0.000000000000000000e+00
-6.224950000000000205e-01 -6.205969999999999542e-01 1.000000000000000000e+00
-9.486449999999999605e-01 -1.147669999999999968e+00 1.000000000000000000e+00
-1.330076000000000036e+00 7.256749999999999590e-01 1.000000000000000000e+00
-5.106000000000000122e-02 -2.616890000000000049e-01 0.000000000000000000e+00
5.990870000000000362e-01 1.013975000000000071e+00 0.000000000000000000e+00
-8.537219999999999809e-01 -3.858999999999999930e-02 0.000000000000000000e+00
-7.854210000000000358e-01 -5.755390000000000228e-01 1.000000000000000000e+00
-1.008089999999999931e+00 3.339590000000000058e-01 0.000000000000000000e+00
-7.676910000000000123e-01 1.492030000000000023e-01 0.000000000000000000e+00
1.333749999999999936e-01 1.344120000000000037e-01 0.000000000000000000e+00
-3.300660000000000260e-01 -1.083285000000000053e+00 1.000000000000000000e+00
5.498880000000000434e-01 1.053897000000000084e+00 0.000000000000000000e+00
-7.448869999999999658e-01 -1.395345000000000057e+00 1.000000000000000000e+00
-3.920930000000000248e-01 -1.192477000000000009e+00 1.000000000000000000e+00
-2.723709999999999742e-01 5.594609999999999861e-01 0.000000000000000000e+00
-4.467960000000000265e-01 -1.388911000000000007e+00 1.000000000000000000e+00
-8.122840000000000060e-01 1.092932000000000015e+00 0.000000000000000000e+00
9.629210000000000269e-01 -2.162759999999999960e-01 1.000000000000000000e+00
-3.129040000000000155e-01 -7.532769999999999744e-01 1.000000000000000000e+00
-8.986340000000000439e-01 -2.849180000000000046e-01 1.000000000000000000e+00
-3.575479999999999769e-01 4.352619999999999822e-01 0.000000000000000000e+00
-8.339560000000000306e-01 -9.074980000000000269e-01 1.000000000000000000e+00
6.619469999999999521e-01 1.483870999999999940e+00 1.000000000000000000e+00
7.603119999999999878e-01 -7.387550000000000505e-01 1.000000000000000000e+00
3.020070000000000254e-01 1.388884000000000007e+00 1.000000000000000000e+00
-1.341615000000000002e+00 -5.625499999999999945e-01 1.000000000000000000e+00
4.910599999999999687e-02 7.584899999999999975e-02 0.000000000000000000e+00
8.443760000000000154e-01 1.399335999999999913e+00 1.000000000000000000e+00
8.019720000000000182e-01 -1.391181000000000001e+00 1.000000000000000000e+00
1.910749999999999948e-01 1.239816000000000029e+00 1.000000000000000000e+00
-1.036431000000000102e+00 -1.436692999999999998e+00 1.000000000000000000e+00
-1.075855999999999923e+00 6.224429999999999685e-01 0.000000000000000000e+00
3.399199999999999999e-01 8.936770000000000547e-01 0.000000000000000000e+00
5.145579999999999599e-01 -1.906690000000000051e-01 0.000000000000000000e+00
-2.732310000000000016e-01 6.475130000000000052e-01 0.000000000000000000e+00
8.525559999999999805e-01 7.826900000000000523e-02 0.000000000000000000e+00
3.571150000000000158e-01 -7.545260000000000300e-01 1.000000000000000000e+00
-8.880510000000000348e-01 -7.330510000000000081e-01 1.000000000000000000e+00
2.724280000000000035e-01 1.058249999999999913e+00 0.000000000000000000e+00
7.011070000000000357e-01 2.903800000000000270e-01 0.000000000000000000e+00
-1.250979999999999981e+00 -8.937669999999999781e-01 1.000000000000000000e+00
